25A     1795 12133  1296  1868   827  1537
25A     1800  1202  1126  1523  1572  1580  1593  1153  1647  1628   835
25A     1810  1530  1891  2252  1751  1445  1366  1915  1774  1311  1174
25A     1820   907   926  1111  1737   962  1276  1036  1267  1667  1510
25A     1830  1026  1512   704   922   872  1139  1044  1696  1402  1196
25A     1840  1010   855   431  1291   963   575   994   529   707   710
25A     1850   838   481   890   678   647   597   583   489   550   671
25A     1860   654   338   868   571   773   678   945  1246   716  1109
25A     1870  1056  1004  1219  1512  1080  1299  1536   466  1434   985
25A     1880   408  1505   828  1707  1146  1083   492  1166  1044  2114
25A     1890   579  1556  1917  1055  1283  1457  1011   957  1178   483
25A     1900   500   353   471   660   805   834   475  1086  1479  1670
25A     1910   977  1205  1766  1727  1279  1255   853  1015  1125  1291
25A     1920   855  1241  1055  1275   962   630  1091  1026   619   646
25A     1930   660   525   798   752   413   630   615   782   645   729
25A     1940   938   785  1150  1103   995   862   689   883   880   823
25A     1950   907   637   528   452   704  1096   472   786   926   642
25A     1960   830   800   586   427   760   854   734   923   916  1269
25A     1970  1270   810   910   824  1114  1187   948   924  1094   853
25A     1980   666   811   586   608   531   335   637   674   902   350
25A     1990   763   921  1021   928  1451  1664  1549  1144   978  1400
25A     2000  1189   747   184  1169  1232  1285   247  1530   535  2053
25A     2010   479   448   576   280   429   373   749   385   322   472
25A     2020   324 -9999
25B     1791  4895  3085  2317  1149  1592  1951  1369  1753  1304
25B     1800  1154   995   875  1383  1205  1035  1422  1625  1291  1226
25B     1810   988  1279  1338   670  1395  1417  1838  1517  1880  2574
25B     1820  2241  1790  1431  1094  1008   843  1461  2049   953  1639
25B     1830  1241  1468  1272   948   832  1283   462   615   735   957
25B     1840  1195  1352  1050   953  1063   788   419  1412  1011   662
25B     1850  1360   765   996   806   945   522   946  1050  1184  1194
25B     1860  1127  1128  1082  1579  1241  1281  1943   851  1428  1179
25B     1870  2422  2232  1053  1365   641   640   932  1547  1099  1549
25B     1880  1799   569  1151  1628   829  2562  2133  2057  1767  1621
25B     1890  1489  1509  1315  1691   950  1213  1712  1182  1484  1649
25B     1900  1047   962  1205   413   398   346   303   504   525   667
25B     1910   757  1726  1532  1515  1596  1545  2070  1968  1950  1989
25B     1920  1006  1116  1307  1482   917  1137   749   551   464   289
25B     1930   258   407   364   373   427   479   352   375   418   498
25B     1940   384   658   699   689   848  1252  1223  1654  1456   971
25B     1950   729   855   795   694   809   736   493   441   463   617
25B     1960   622   735   792   524   514   578   621   346   738  1170
25B     1970  1148  1133  1390  2366  2077  1318  1523   932  1258  1524
25B     1980  1238  1283  1440  1348   925   996   372   592   593   373
25B     1990   539   653   954   476   729   904  1919  1358  1062   937
25B     2000   748   532   274   387   397   263   545   253   391   722
25B     2010   203   556   203    89   164   119   173   174   263   154
25B     2020   188 -9999
20A     1870   645  1879 26118  5183  2109  2253  1218  1787  1654   673
20A     1880  1589   563  1103  1483  1447  1887  1472  1703  2239   729
20A     1890  1368  2133  1000  1141  1746   870  1089  1355   556   626
20A     1900   513   348   731  1092  1272  1094  1700  1511  1272  1086
20A     1910   884  1087  1157  1729  1618  1103  1021  1183  1064  1103
20A     1920  1322  1057  1074   967   773  1131   993  1165   954   803
20A     1930   660   636   805   661  1128  1373  1869  1304  1303  1661
20A     1940  1923  2256  1898  1861  1692  1158  1651  1804  1901  1183
20A     1950   823   545   681   397   782   724   839   859   694   743
20A     1960   986  1117   725  1329  1651  1653  2036  1838  2402  2178
20A     1970  1480  1461   936  1126  1199   726   736  1011   741   631
20A     1980   851   780   777   714   507   645   690   825   195   561
20A     1990   580   454   528   603  1202  1542  1219  1224   890   841
20A     2000   911   298   981   936   882   187   962   608   325  1794
20A     2010   716   386   394   355   432   577   804   540   229   684
20A     2020   524 -9999
20B     1864  1038  5399  1997   795  1362  1153
20B     1870   626  1352  2079  1072  1293  1796  1222  1711  1774   476
20B     1880  1393  1643  2237  1752  1697  2196   867   845  1190   633
20B     1890   989  1333   559   907  1356   772   701  1063   633   644
20B     1900   755   591   879  1127  1300  1436  2043  2276  1604  1427
20B     1910  1013  1385  1161  1576  1350  1030   951  1210  1049  1088
20B     1920  1142   879  1047   964   670  1046   900   934   676   556
20B     1930   393   584   792   475  1078  1226  1238  1107  1193  1099
20B     1940  1652  1764  1695  1620  1739  1177  1537  1419  1176  1038
20B     1950   873   462   483   190   484   507   820   851   593   808
20B     1960  1247  1202   687  1609  1968  1372  1782  1519  2129  2131
20B     1970  1276  1312  1034  1259  1302   857  1029  1195   997  1101
20B     1980  1476  1226  1151  1086   810  1065  1232  1384   414   957
20B     1990   935   663   777  1277  1863  2095  1642  1142  1345  1463
20B     2000  1281   367  1293  1243   962   279  1243   829  1533   772
20B     2010   437   556   368   596   768   988   566   354   675   543
20B     2020   345 -9999
03A     1861  1416  2980  1704  2075  1872  2693  3047  2003  3217
03A     1870  2570  1828  1821  1589   925  1337  1296  1131  1978  2120
03A     1880   982  2209  2293  2882  3049  3184  3601  3442  2848  3648
03A     1890  1903  2949  2943  2248  3194  3483  2158  2109  1917   731
03A     1900   810   835   722  1330  1660  1680  1798  1353  1962  2207
03A     1910  1625  1476  1639  1537  1688  1457  1242  1076  1394  1204
03A     1920  1157  1625  1519  1902  1459  1137  1578  1222  1068   988
03A     1930   745  1101   761   817   771  1252  1421  1824  2040  1565
03A     1940  2503  2477  2369  2794  2237  1997  1527  1749  1621  1615
03A     1950  1550  1171   750   894   880  1028   974  1072   988   828
03A     1960  1194  1723  1627  1035  1688  2090  1896  2649  2486  2636
03A     1970  2449  1673  1974  1756  1982  2029  1564  1398  1476  1327
03A     1980  1163  1798  1638  1625  1603  1193  1493  1602  1595   886
03A     1990   931   843   992   847   772  1329  1542  1181   865   961
03A     2000  1203  1302   548  1198  1349  1516   435  1873  2004  2157
03A     2010  1202   758   778   677   864  1202  1836  1712   694  1436
03A     2020   994 -9999
03B     1869   554
03B     1870  2246  1376  1868  1505   988  1304  1537  1311  2234  2030
03B     1880   564  1971  2831  2973  3229  2576  2633  2586  2966  3634
03B     1890  2175  3263  3276  2278  2905  3296  2201  2166  2226   795
03B     1900   849   749   644  1096  1488  1519  1540  2311  2303  2260
03B     1910  1695  1305  1425  1281  1212  1198   961   874  1088  1113
03B     1920  1029  1267  1265  1329  1335  1308  1648  1453  1214  1072
03B     1930   908  1097   769   798   796   881   821  1241  1306  1329
03B     1940  2067  2385  2578  2820  2424  2155  1808  2405  2224  1975
03B     1950  1969  1711  1068  1385  1111  1327  1133  1263  1199  1033
03B     1960  1094  1384  1406  1070  1538  1640  1408  2072  2030  2436
03B     1970  2276  1544  1716  1155  1373  1435  1339  1399  1816  1576
03B     1980  1369  2450  2668  1999  1825  1366  1727  1884  1950  1184
03B     1990  1202  1118  1192  1098   994  1292  1412  1114  1063  1357
03B     2000  1770  2037   720  1764  2224  2244   748  2092  1687  2550
03B     2010  1072   479   649   490   754  1068  1428  1345   752  1471
03B     2020  1053 -9999
18A-2   1892  7445  4932  2127  2628  1668  2140  2519  1303
18A-2   1900  1621  1401  1355  1518  1747  1299  1255  1599  1332  1721
18A-2   1910  1227  1310  1853  1031  1623  1833  1319  1063  1275  1318
18A-2   1920  1242  1602  1020  1205  1320  1346  1721  1553  1606  1514
18A-2   1930  1352  1634   938   985   626  1003   953  1702  1322  1127
18A-2   1940  1567  1753  1660  1662  1238   953   810  1445  1208  1344
18A-2   1950  1123   699   649   706   353   647   410   761   771   600
18A-2   1960   583   852   668   552   778  1078   715  1221   783  1217
18A-2   1970  1447   965  1035   841  1195  1575   954  1269  1243  1030
18A-2   1980   872  1588  1746  1797  1127   918  1237  1219  1334   429
18A-2   1990   856   841   727   577   614   832  1025   897   837   859
18A-2   2000  1036  1025   392   951   745   654   107   588   429   879
18A-2   2010   540   166   194   121   256   307   390   102    83    62
18A-2   2020    42 -9999
18B     1880   527  1077  1118  1246   758  1096  1371  1814  1710  1702
18B     1890  2137  2366  1925  2394   994  2061  2193  1156  1865  2078
18B     1900  1174  1679  1847   865  1032   878   900  1311  1700  1083
18B     1910  1057  1203  1315  1220   982  1167  1588   516  1016  1834
18B     1920  1181  1120  1283  1309  1097  1397  1084  1122  1269  1083
18B     1930  1302  1013  1167   997   937  1565   869   901   683   985
18B     1940   803  1358  1085   722  1051  1265  1583  1484  1226  1224
18B     1950   902  1296   978   949   425   422   442   578   419   662
18B     1960   421   845   718   612   743   846   723   386   542   651
18B     1970   496   826   578   990  1067  1073   974   816  1046  1057
18B     1980   618   842   818   756   656   937   972  1143   739   558
18B     1990   876   934   857   393   819   980   779   575   535   970
18B     2000  1260  1270  1288  1441  1230  1805   629  1647  1322  1045
18B     2010   331  1093   768  1709  1280   913   491   398   694   689
18B     2020   357 -9999
07A     1827  2724  7493  1504
07A     1830   878   942  1048   893   490  1484  1475   875   641   680
07A     1840  1626  1109   836  1533  1728  1202  1323  1109  1207   825
07A     1850  1345   623  1519  1351  1775  1052   816  1409   940  1023
07A     1860   697  1087  1461   605  1083   757  1004   983   874  1683
07A     1870  1307  1039  1479  1470   955  1607  1472   946  1243  1047
07A     1880   269   772  1169  1252  1785  1110  1570  1639  1762  2480
07A     1890  1131  1602  1510  1097  1277  1393   996  1182   991   227
07A     1900   336   294   210   336   485   309   485   442   551   826
07A     1910   909   736  1268  1014  1535  2484  2247  1674  1608  1390
07A     1920  1496  1663   896  1113   912   945  1171   962   850   592
07A     1930   277   357   379   483   301   589   745  1042  1901  1350
07A     1940  1542  1831  1281  1477  1407  1126  1125  1912  1383  1134
07A     1950   910   664   585   589   348   882   671   774   923   592
07A     1960   609  1133   990   695  1156  1067   813  1261  1329  1738
07A     1970  1520   900  1323   605  1293  1593  1250  2274  3468  2265
07A     1980  2183  2732  2723  2639  1703  1327  2394  2171  2480   579
07A     1990  1636  1591  1073   807   428   535   475   413   243   350
07A     2000   309   372   101   518   432   455   122   515   395  1178
07A     2010  1669  1465   983   656   496   496   604   391   333   356
07A     2020   314 -9999
07B     1787   379   487   402
07B     1790   964   590   633   527   486   221   243   317   327   285
07B     1800   200   305   337   359   464   433   317   497   417   275
07B     1810   597   274   306   479   453   423   839   835   583   482
07B     1820   489   455   646   986   806  1166  1201  1186  1002   560
07B     1830   595   662   677   694   366   399   396   232   242   485
07B     1840   380   200   232   578   624   478   895   822   718   961
07B     1850  1085   475  1199  1154  1198   767   726   884  1077  1005
07B     1860   642   889  1163   507  1194   735  1274  1091   928  1244
07B     1870  1131   810   885   914   960   978   969   760   935  1027
07B     1880   269   741   999  1424  1295   923   882  1108  1117  1735
07B     1890   838  1442  1617  1016  1587  1941  1168  1203  1215   259
07B     1900   471   504   416   631   959   569   326   998  1224  1175
07B     1910  1045   907  1091   753   868   876   536   560   595   607
07B     1920   627   777   501   753   525   485   701   703   793   549
07B     1930   103   261   304   395   311   441   477  1006  1329   895
07B     1940   910  1526  1307  1432  1260  1315  1372  2389  1737  1519
07B     1950  1135   781   588   731   400   735   653   899   932   693
07B     1960   715   968   760   435   881  1044   699  1121  1048  1431
07B     1970  1099   780   956   543   990  1109   609   843  1256   916
07B     1980  1157  1521  1585  1707  1187   866  1712  1764  2715   779
07B     1990  2118  2676  1831  1783  1425  1955  1570  1265   747   861
07B     2000  1250  1354   481  1353  1370   970   221   714   612  1187
07B     2010   962  1166  1350  1184  1733  1857  2066  1073   772  1271
07B     2020   617 -9999
09A     1812  2836  2116  1760  2211  1963  1160  1235   891
09A     1820   691  1392  1913  1541  2314  1961  2610  2143  1509  2047
09A     1830  1987  1880  2893  2341  2617  2277  2001  1273  1177  1043
09A     1840  1004   578  1799  1752   620  1555  1070  1481  1608  1623
09A     1850   759  1744  1731  2114  1439  1292  1383  1203  1197  1353
09A     1860  1928  2072   603  1486  1070  1507  1803  1268  2013  1652
09A     1870   975  1782  1643  1049  1321  1565   799  1489  1624   541
09A     1880  1451  1270  1430  1886  1852  2277  2243  2273  3725  1510
09A     1890  1907  2543  1973  2287  2138  1500  1397  1247   445   424
09A     1900   320   393   709  1118  1054   908  1670  1705  1902  1732
09A     1910  1409  1583  1429  1291  1910  1408  1491  1567  1791  2306
09A     1920  2776  2180  2163  1505  1495  1954  1731  1595  1023   844
09A     1930  2083  1695  1346   999  1032   889  1300  1402  1646  2137
09A     1940  2518  2652  2993  2159  2140  1802  2189  2376  1922  1899
09A     1950   707   539   649   472   580   536   255   432   358   431
09A     1960   655   934   652  1373  1968  1275  1949  1650  2682  2104
09A     1970  1216  1199   893  1356  1668  1399  1943  2086  1680  1481
09A     1980  2043  2537  2465  2198  1486  2023  1695  2340  1076  1128
09A     1990  1281   985   818   655  1169   251   609   861   596   431
09A     2000   585   546   139   783   902   714   139   956   537  1434
09A     2010   728   405   468   444   435   636   624   256   204   479
09A     2020   246 -9999
09B     1813  2309  2140  1330  1705  1777  1111  1045
09B     1820   815   624  1448  2000  1524  2485  1663  2481  1839  1663
09B     1830  1909  2217  1671  2308  1504  1832  1889  2168  1207  1491
09B     1840  1186  1062   567  1996  1911  1084  1883  1226  1772  1778
09B     1850  2103   820  1524  1335  1930  1561  1374  1411  1284  1229
09B     1860  1045  1463  1873   526  1113   923  1828  1857  1192  2110
09B     1870  1639  1122  1441  1545   958  1423  1684  1004  1698  1824
09B     1880   507  1554  1365  1744  2112  1573  1860  1922  2383  3064
09B     1890  1313  2004  2185  1382  2085  2598  1546  1841  1814   523
09B     1900   524   367   477   800  1608  1223   974  1663  1569  1465
09B     1910  1239  1258  1485  1295  1424  1508  1318  1344  1357  1569
09B     1920  1748  2356  1806  1500  1159  1173  2049  1888  1510   819
09B     1930   523  1554  1173   964   679   831   772  1289   839  1014
09B     1940  1643  1849  1943  2266  1540  1249  1228  1528  1732  1689
09B     1950  1641   924   637   713   400   587   605   711   972   780
09B     1960   755  1133  1153   873  1681  1851  1275  1642  1471  1898
09B     1970  1734  1161  1215   939  1309  1513  1087  1582  1992  1436
09B     1980  1308  1727  2019  2013  1570  1023  1334  1718  2815  1267
09B     1990  1481  1584  1177   976   831  1061  1078  1011   715   616
09B     2000   838   864   202   733   691   756   120   742   437  1089
09B     2010   742   614   520   351   519   603   762   488   172   592
09B     2020   394 -9999
02A     1862  1862  3740  1438  1471  2749  2436  1562  2249
02A     1870  1403  1080  1324  1557   717   716  1341   939  1389  1672
02A     1880   346  1532  1482  1740  1826  1638  2044  2099  2070  2179
02A     1890  1286  1849  2015  1527  1170  1858  1236  1101  1496   520
02A     1900   463   555   625  1099  1455  1764  1605  2101  1773  1946
02A     1910  1530  1179   876  1006  1008   614   363   257   492   627
02A     1920   513   757   873   965  1050   668  1012   752   736   750
02A     1930   449   261   258   422   530   770   894  1363  1381  1498
02A     1940  1434  2039  2139  2021  1604  1462  1246  1136  1319  1108
02A     1950   950   626   346   472   692   715   770   949  1159  1163
02A     1960   960  1775  1630  1105  1583  1784  1653  1785  1828  1449
02A     1970  1498  1449  1554  1247  1371  1590  1442  1504  1413  1042
02A     1980   831   913   952  1061  1028   876  1150  1354  1592   774
02A     1990   725   768   781  1120   782  1095  1790  1732  1688  1748
02A     2000  2234  2659  1867  2022  2322  2465  1797  4010  3108  3240
02A     2010  1968  1584  1229  1276   711   770  1938  2381  1918  2249
02A     2020  1960 -9999
02B     1866   542  2446  2443  2068
02B     1870  2773  1480  1305  1633  2163   722  1118  1709  1033  1562
02B     1880  1740   372  1635  1618  1884  2317  2005  2697  2721  2754
02B     1890  2850  1669  2107  3320  2471  2330  2300  1332  1257  1594
02B     1900   584   412   322   404   763  1162  1300  1033  1640  1641
02B     1910  1752  1709  1264   948  1115  1186   866   546   367   393
02B     1920   518   610   883   904  1017   999   856   956   764   599
02B     1930   519   235   235   300   307   506   575   911  1068  1165
02B     1940  1099  1534  1461  1377  1161  1046  1219  1263  1145   953
02B     1950   964   519   414   478   622   601   716   833  1080   980
02B     1960   734  1116  1355   824  1636  1988  1716  2189  2237  2494
02B     1970  2555  1924  1879  1349  1728  1985  1741  1596  1533  1285
02B     1980   984  1138  1246  1358  1170   860   823  1111  1166   586
02B     1990   610   828   758  1568  1695  3338  3343  2781  3120  3757
02B     2000  4560  4129  2543  2635  3013  3248  3051  5225  3296  3205
02B     2010  2632  2357  1666  1427  1177  1137  2109  2491  1753  2470
02B     2020  2656 -9999
01A     1855  1759  1696  1927  1564   738
01A     1860  1659  1215  1257   844   663   875   601   570   654   951
01A     1870   898   951   412  1384  1072   989   608   818  1010   954
01A     1880  1063   580   780  1330  1120   912  1319  1106  1100  1657
01A     1890  1027  1366  1548  1060  1350  1052  1318   859   580   760
01A     1900  1046   677   508   888   973   487   699   317   524   301
01A     1910   561   896   988   906  1370   651  1174  1201  1624  1340
01A     1920  2490  2025   896  1157   953   912   714   316   603   321
01A     1930    90   229   538   591   921   763   752   656   972   984
01A     1940   778   755   617   534   382   471   706  1310   969  1396
01A     1950   842  1375  1766  1462   894  1428   948  1270   567   491
01A     1960   421   561  1053  1296  1303  2154  1966  1799  2768  1983
01A     1970  1127  2574  1677  2208  2185  1900  1718  1770  1287   816
01A     1980   377   958   760   769   853   879  1148  1246  1067  1026
01A     1990  1495  1656  1448  1931  1987   996  1274   499  1201   714
01A     2000  1621  1202  1390  1119   951   854  1304   993  1253   690
01A     2010   940  1007   882  1035  1236   785   355   444   141   207
01A     2020   504 -9999
01B     1854   991  1473  1485  1472  1800  1665
01B     1860  2079  1740  2186   977  1808  1525  2011  1884  1503  1791
01B     1870  1404  1363  1170  1091  1057   829  1058   799   980  1035
01B     1880   338   873  1141  1414  1609  1562  2101  2134  1887  2390
01B     1890  1272  1888  2408  1953  2239  2176  1261  1017  1030   234
01B     1900   418   274   251   458   566   712   743  1424  1469  1487
01B     1910  1519  1001  1325  1126  1374  1062   877   793  1005   934
01B     1920   879  1014  1136  1076  1014  1026  1256  1065   920   865
01B     1930   480   371   386   545   447   906   771   826   855   786
01B     1940  1457  1750  1558  1628  1597  1374  1105  1722  1353  1212
01B     1950  1620  1163   610   948   504   670   493   832   669   488
01B     1960   571   884   865   703  1073  1389  1164  1565  1330  2102
01B     1970  2270  1593  1615  1262  1526  1764  1408  1365  1378   847
01B     1980   732   853   776   953   647   450   817   742  1354   507
01B     1990  1024   966  1014   810  1125  1526  1702  1245  1195  1596
01B     2000  2089  1557   631  1386  1326  1230   486  1261   899  1623
01B     2010  1326  1139   976   811   846   924  1025   773   415   854
01B     2020   732 -9999
24A     1930  1205   849  1423  1006   570  1637  1434  1674  1558  1161
24A     1940  1588  1494  1198  1339  1375  1097   914  1446  1678  1384
24A     1950   828   806   874   784   362   840   816  1185  1334   941
24A     1960  1242  1407  1422   661  1135  1329   825  1172   968  1708
24A     1970  1560  1305  1146  1041  1448  1859  1281  1688  2214  1473
24A     1980  1072  1635  1764  2150  1297   999  1022  1464  1961   635
24A     1990   954  1141   986  1060  1187  1575  1725  1628  1270  1518
24A     2000  1302  1283   547  1466  1179  1225   414  1132   611  1093
24A     2010  1020   826   853   450   755   812   975   753   572   651
24A     2020   732 -9999
24B     1923   872  1162   947  1579  1141  1400   898
24B     1930  1137   845  1415   883   433  1378  1255  1266  1187   947
24B     1940  1299  1567  1187  1267  1348   933   776  1442  1205  1218
24B     1950   445   456   494   565   268   625   642   871   979   778
24B     1960   996   933   976   423   913  1299   649  1231   943  1444
24B     1970  1287  1117  1016   873  1290  1419   929  1135  1549  1109
24B     1980   812  1480  1224  1505  1026   820  1045  1211  1659   664
24B     1990  1072  1204  1122  1303  1189  1745  1842  1480  1572  1553
24B     2000  1219  1410   479  1425  1015  1150   304  1924  1224  2121
24B     2010  1295   932   926   668   667   628   966   867   592   771
24B     2020   556 -9999
11A-2   1806   612   732   353   996
11A-2   1810   611   825   479   962   808   472   643   753   574   516
11A-2   1820   467   522   584   663   362   854   537   701   725   362
11A-2   1830   303   705   468   460   337   647   510   524   590   785
11A-2   1840   662   481   216   827   699   211   711   365   346   287
11A-2   1850   455   145   559   696   873   580   480   439   841   509
11A-2   1860  1022  1035  1225   448   679   456   721   858   586  1028
11A-2   1870   837   662   704   491   815   590   891   741   876   918
11A-2   1880   228   902  1030   698  1468  1024  1275   971  1080  1503
11A-2   1890   577   819   731   458   505   791   590   706   987   342
11A-2   1900   392   355   323   471   504   522   397   463   779   872
11A-2   1910   880   444   649   612   690   711   567   689   756   753
11A-2   1920   612   717   480   566   567   189   493   449   332   620
11A-2   1930   909   723   480   512   247   447   411   542   433   374
11A-2   1940   365   559   709   610   477   352   208   280   245   275
11A-2   1950   407   330   253   240   187   399   356   383   442   332
11A-2   1960   501   565   502   298   500   613   488   741   465  1075
11A-2   1970  1174   739   672   418   526   569   292   414   466   363
11A-2   1980   254   225   199   199   103   175   188   240   304   124
11A-2   1990   177   272   336   357   399   670   824   598   643   859
11A-2   2000  1272  1108   166  1021   473   672   790   275   664   476
11A-2   2010   134   176   165   187   219   504   146   145   187   113
11A-2   2020   143 -9999
11B     1825  1412  1468  1596   706  1620
11B     1830  1061  1573  1562   897   857  1697  1233  1106   832  1110
11B     1840   863   959  1106  1179   990   755   308  1309   999   366
11B     1850  1177   592   637   617   584   226   448   491   656   452
11B     1860   463   215   290   532  1379  1092  1584   550   950   836
11B     1870  1158  1535   881  1746  1019   665   963   477   956   793
11B     1880  1164   884  1119  1023   329  1081  1009  1288  1544  1189
11B     1890  1321  1241   314   699  1706   880  1200  1449  1013  1149
11B     1900  1129  1067  1200  1248   450   669   681   518   797   730
11B     1910   722   620   764   774  1013   933   521   812   756   825
11B     1920   785   601   848   685   725   727   898   806   715   626
11B     1930   352   669   497   320   280   475   791   559   668   393
11B     1940   539   561   752   667   525   633   778   917   980   772
11B     1950   414   476   601   539   455   588   486   356   626   225
11B     1960   540   331   436   475   351   519   396   497   267   498
11B     1970   669   542   625   363   371  1041   497   351   330   393
11B     1980   372   193   298   414   276   131   214   120   183   160
11B     1990   119   120   235   235   266   235   194   308   288   623
11B     2000   762   854   728   696   728   614   152   486   308   559
11B     2010   686   256   498   431   194   183   140   319   122   213
11B     2020   254 -9999
