25A     1795     2     4    10     0     0
25A     1800    10    11     7     0    10     1    10    16     2     6
25A     1810     9    17     9     0    10    16    18    10    10    10
25A     1820    10    10    10     4    16    10    14    16     1    11
25A     1830    16     8    13     0    14    10    11     6    17     0
25A     1840     6    11    14     8    16    19    20    11     7     5
25A     1850     4    18    17     6    14     6    17    18     0    17
25A     1860    18    12    15     4    16     3    18     0     5    14
25A     1870     2    18    19    10    16     1    11     3     4     3
25A     1880    12    19     0     6     2    12    16    12    19    12
25A     1890     7     4     0     4     0     2    13     2     1     3
25A     1900     4    13    13    14     0     7    15    18    19     8
25A     1910     0    16     3     2     9    11    20    16    19    11
25A     1920     5     1    11     6     0     2     6    14     7    14
25A     1930     3     4     8     5    16    13    12     5     4     5
25A     1940     8    14     0     7    13    18    13     2    18    20
25A     1950    18     1    14    14    20    13    14     1    11    13
25A     1960     0    20    14    17     3    17    16     3     4     6
25A     1970     5    13    15    20     1     7     1    13    13    14
25A     1980    14    14    10    19    13    16    19    18    20    20
25A     1990    16     0    10    10    13    13    14    14    14    14
25A     2000    14     4    15    14     3     7    14    15    15     6
25A     2010    14    14    15    15     5    15    14    15    15    14
25A     2020    17 -9999
25B     1791    13    14    14    15    15     5     2     7     9
25B     1800    20    12    11     0     1    16     4    20     0     6
25B     1810    11    15     6    20    16    17     0    16    18     6
25B     1820    14    18    20     1    20    14    18    18     6     2
25B     1830     5     9    18    10     3     2    18     2    12     7
25B     1840    18     4    16    13    13     3     3     3    14    11
25B     1850    14    14    14     2     4     4     5    20     9    11
25B     1860     9    13    20     0     2     7     9    19    17    10
25B     1870    14    17    18     8     9    10     5    14     5     7
25B     1880    18     2    10    12    19     3    17    18     0    11
25B     1890    13    16     0     1    12    20    20    13    19     9
25B     1900     9    20     9     3    13    14     3     3     8     2
25B     1910     1     5     3     8    16    19    15    13    13     5
25B     1920     2    20    20    12     5    13    20     1     7    17
25B     1930    16    17     7    17     7     7     5     4    10    18
25B     1940    18    19     7    18    12    19     8    16    16     8
25B     1950     8     2    20     9    20    10    19    20     9     8
25B     1960    21     4    21    10    10    11    10    17     0     0
25B     1970    12    11     9    10     2     1     2    13     2    13
25B     1980    13     3    14    14     3     4    14    13     3     3
25B     1990    14     3     4     5    16    15    15    14    15    15
25B     2000     5    16     6    16     6    16    15     5     6     6
25B     2010     6     6    15     3     6    15    13     5    12    20
25B     2020     6 -9999
20A     1870     3    20    20     2     8     2     9     8     2     8
20A     1880    15     2     7     0     2    10    10    14     1     8
20A     1890    18    10     1     4     8    18    10    17    13     2
20A     1900     4    12     4    10     2     1     8     1    21    14
20A     1910    20    15    10    19     3    17    16     6    19    18
20A     1920    13    14     1     0    10     7     6    14     1     2
20A     1930     5     6     4    12    17     0     5     8     0    19
20A     1940     0     9     1     5    19    14    11    20    20    21
20A     1950     4    16     4     0    16     7     8     4    19     8
20A     1960     4    15     3    19    18    14     0     6    20     0
20A     1970    19    15    15     4    14     4     4    20     4    16
20A     1980     2     5     5     0    10     8    20    16    10    12
20A     1990    11     1    11     3     2     7     2    19     5    19
20A     2000    19    12    15     5     4    11    18     0     1     2
20A     2010    15     8     4    12    15    20     8     3    13     4
20A     2020    17 -9999
20B     1864    10     3     7     7     8     5
20B     1870     2    16    13     1     4     3     1     4     5     1
20B     1880     2    10    14    12    19    15    13     1     5     8
20B     1890     1     2     7     1    14     1     7    11     4     3
20B     1900     3     8    17    18    14     0     5    17     1     2
20B     1910     4     1     0    18     7     1     3    10    15     5
20B     1920     8     3     5    12     1     4     3    16    15    14
20B     1930     9     7    18     0    10     5    14    12     0    18
20B     1940     2    12    19    20     5     1     2    15     9     7
20B     1950    20    20    20     0    19     2    12    18    13    18
20B     1960     1     9    18    19     2    15     3     5     2     9
20B     1970    14    18     2     0     1    17    19     4     4     4
20B     1980     2    10     3    12     3     1    14    19     4     2
20B     1990    14     8     2     1     4    19    20    19    20     3
20B     2000     2    18     4    19    10    19    18    19     0     0
20B     2010     6     8     8     1    10    17     0    13     0     9
20B     2020    10 -9999
03A     1861     2     1    14    18    14     0     7     1    13
03A     1870     3    13     2     6     5    10    16     1     6    10
03A     1880    20    14     8    17    16     9    20    20    19    17
03A     1890     7    11     9    18     2    17     4     6     8    14
03A     1900    11    18     2     9     5    12    15     4    12    20
03A     1910    20     3     2     1     0     5     2     2     1     5
03A     1920     2     2    20    18     1     5     4    11     6    16
03A     1930    20    21     7    11    14    14    12     6    15     1
03A     1940     1     4    18     7    15     2     7     0     3     9
03A     1950    17     3     6     2     3    16     2     2    14     6
03A     1960     6    20     0     3     2     6    13     6     7     4
03A     1970    19    13    20     6     0    21    18     2     2    19
03A     1980    15     6    17    19     8     6     4    11     2    20
03A     1990     2     2    20    11     2     0     2     2    11    20
03A     2000     3     0     3     1     1     8     3     3     0     4
03A     2010     3     4    21     3     3     3     0     4     2    21
03A     2020     4 -9999
03B     1869     3
03B     1870     7     6    10     8     5    10    16     1    16    14
03B     1880     0     4    11     5     7     2    12    13    11     4
03B     1890    10    12     4    10    15     0    16     4    16     5
03B     1900     0     6     1    16    10    17     5    15     6     3
03B     1910    18     2     0     2    13     0     3     1     0     2
03B     1920    20     2     2    18     3     0     3    11     4     0
03B     1930     2    12     5     6     6     2     5     2     1     1
03B     1940    21    16     8     4    20     6     3    13    20    21
03B     1950     3     2     6     5    20     4     1     2     1     3
03B     1960     5     1     1    20     1     1     4     8     5     5
03B     1970    20    18     7    19    18     1     1    18    18    17
03B     1980    12    16    17     2     3     9     5     2    16     0
03B     1990     1    13     1    21    18     1     3     1     1    20
03B     2000    18    19     8    19    15    12    19     5     8     5
03B     2010     7     6    18     7     9     4     2     4    20     0
03B     2020    15 -9999
18A-2   1892     1     6    11    14     1     4     7    11
18A-2   1900     2    17     7     7     2     1     3     0     3    15
18A-2   1910    17     4    16     0    10     6    12     3    10    17
18A-2   1920    12     9     2     7     8    14    19     3    15    11
18A-2   1930    13     8     4     7    10     3     4     8     8    14
18A-2   1940    19     1     4     2    17     0     3    15    17     1
18A-2   1950     9     3     4     6     2    10     2    10     7     3
18A-2   1960    14     6     9    16     4    13    15     4     4     2
18A-2   1970    18    14     9     9    17    15    11    17    14     2
18A-2   1980    11     8    11    13    11    15     3    14     8     2
18A-2   1990    15    13     6    11    19    11     0    17    12    10
18A-2   2000     4    13    20     2    12    14    18    16    13    10
18A-2   2010    18    12     2    11     1     1     1    20    21    21
18A-2   2020     2 -9999
18B     1880     2     2     1     3     1     3     5     3    11    20
18B     1890     3    20    17     0    11     5     6    14    11     5
18B     1900     6     8    19    20     5     3    13     4    11    18
18B     1910    20    15     4     7    13    13    11    15    17    16
18B     1920    19     4     1     3    20    15    20    21    17     9
18B     1930     2    15    14    11    14    15     4    12     4    18
18B     1940     9     7    14    20    18    18    17     0     3     6
18B     1950    14    14     3    19     1     2    14     4    15     2
18B     1960     0     0     0    17    19    15    15     5     1     8
18B     1970    15    11    15     0    14    10    20    19     7     8
18B     1980    15     0     0    16     8    14    10    16     8     5
18B     1990    13     7     7     4    11     1    14    13     0     6
18B     2000    16    20    15    12     6     2    12     0     3     5
18B     2010    20    11    18     6    15    15     3     3     8     2
18B     2020     3 -9999
07A     1827     3     0     0
07A     1830     0     1     1     0     1     0     1     1     1    14
07A     1840     1     1    11     1     0     1     1     1     1     1
07A     1850     0     1     3     0     1     1     1     1     1     8
07A     1860     0     3    13     1     2     1    19     7     6    18
07A     1870     1    18    17    15     0     1    20    18     2     4
07A     1880     2     2    16     4    13    12     7    16    16     4
07A     1890     5    12     2    13     2    18     2     2     5     2
07A     1900     2     2     2     2     8     2     2    20    19     0
07A     1910     4     0     1     9    11    14    11     7     3    20
07A     1920    18    17    20    13     3    13    11    17     0    19
07A     1930     2     2     2    15     3    16    15     2     4     1
07A     1940     6     8    19     6    13    15    11    12     8    19
07A     1950    12     6     2    11     5     5     8     6     0     3
07A     1960     7     2     3     6    11    11     4    18    11    18
07A     1970     4     1     5    10     3     8    20    15    14    18
07A     1980    16     2     3     5     3     3     3     4     3     4
07A     1990     4     4     4     5     3     4     3     4     4     3
07A     2000     3     3     3     4     3     4     5     3    16    19
07A     2010    15    19    10     4     4     4     5     4     3     3
07A     2020     4 -9999
07B     1787    21    21     1
07B     1790    20     0     0     0    11    11     0    11    11    11
07B     1800    11     1    21     0    11     0    11     6     0    15
07B     1810     0    11     6    11    20     5    11     9     4    18
07B     1820    11     9     7    17    16     1    18    11     9    17
07B     1830    13    20     3    14     3     5     0    11     1     1
07B     1840    11     0    11     5     3     1     8     2     0    16
07B     1850    14     1    17     3     8     0    12     4     0    14
07B     1860     7    12    10     2     6     3     1     6    20     7
07B     1870     5    14     8     5     8    13    17     8    18    18
07B     1880    15     1     7    17     2     2     3    16     3    12
07B     1890    12     4     7     2     3     5    12     1    14    12
07B     1900     2     6     2    12     1    12    17     2     9    12
07B     1910     2     9     8    20    12    14    11    18     6     8
07B     1920     5     6     8     4     0    16    14     8    20     2
07B     1930    13    12     6     5     2     8     6     2    14    20
07B     1940    17     4     6     8    18     2     1    18     3     5
07B     1950     0     3     8     1     2     1     8    17     3     2
07B     1960     2    19     8     4     9    17    14     3     3    19
07B     1970     0    14     6     2     8     2     2    11    12     4
07B     1980    19    15     3    17     0    21    11    12     3    17
07B     1990     1     0     5     4    18    16     3     4    14    10
07B     2000     6    14     3    17    14     4     4     5     4     1
07B     2010    16    15    17    18    13     0     4     3     3    17
07B     2020    15 -9999
09A     1812     1     0     1     1    11     3    11     0
09A     1820    11    11    11    11    11    15     1     1    11    11
09A     1830    11     4    11     1     1     1    11     2     9     6
09A     1840    12    12    12    12     1     1    12    12    18    18
09A     1850     1    12     1    12     5     1    12     2    12     1
09A     1860     1     2    12     2    17    13    12     1     2    12
09A     1870     3    18     2     5    13     2     2    13     1    12
09A     1880    11    13     2    13     2    13     0     5    14     3
09A     1890     3     3    13     4     3    14     3    14    14    14
09A     1900     4     3    14     2     4     4    14     4     3    14
09A     1910     2     3    14    14     3     4     7    14     2     1
09A     1920    14     4    14     8     4     2    15     5    15     4
09A     1930    10     4     4    14     5    15    15    15     1    15
09A     1940     4     2    17    10    14    14    20    16    18     0
09A     1950     5    16     5     5     5    16     5    15     5    16
09A     1960     5    16     4    16     5    17     5     3     8    19
09A     1970    16     5     1     5     2     8     5    16     8    15
09A     1980     5    15    15    15     6     6     6     5    16     6
09A     1990    17    17     7    16    17     6     7     6     6    17
09A     2000    16     6     6    16    18     7     6     6    17     6
09A     2010    17    17    17     6    16     8    18     7     4     6
09A     2020    17 -9999
09B     1813     2     1     0    17    16     1    19
09B     1820     3    10    20    17     1     6     8     7    15     3
09B     1830    15    12     5     6    13     6     6    18     9    18
09B     1840    16     4    11    13    15    18    20     2    17     9
09B     1850     4    18    17    15     4    19    15    17    10    20
09B     1860     3     1     1     7     5     9     0    11    16     3
09B     1870    18    15    17    14    15     8    11    15    16     0
09B     1880    11     9    11     2    13     1     3     6     0    18
09B     1890    21     8    13     7     1    18    19     4     5     5
09B     1900    14     9     4    19     2    19     7    16    14     7
09B     1910     9    14    14    12    12    12     9    18    17    20
09B     1920    18    19    16    20     6    15     5     4     0     3
09B     1930     6     8     7    18    14     9    20     6    20     4
09B     1940     8     0    15     3    19    19    15     1     1     6
09B     1950     4    17     4     1     3     5     4    18    20     2
09B     1960     3     5     9    20    18     5    15    19    13    10
09B     1970    14     5     8    16    20     4    13     3    13    15
09B     1980    16    16    16     0     0     6    18    17    16    16
09B     1990    17     6    17    13    17    20     2     2    17     6
09B     2000     2     9     6     6     4     7    18     7     7    17
09B     2010    17     7     7     7     7    18    18    18    18     7
09B     2020     7 -9999
02A     1862     3     0    11     7    10    12     0     8
02A     1870     0    13     6     3    18     8    18    16     0     1
02A     1880     8     3     9    13    19    18     1     9    11     9
02A     1890    17    13    15    16    13     3    11     4    15     9
02A     1900    19    12     9     2    20     6     3     4    19     1
02A     1910    16     5     2     2    18    16    16    12     4    13
02A     1920    21    11     3     1     4    18     4    19     6    12
02A     1930    11    14    18    14     4     8     0     9    19     2
02A     1940    12    18     9     1    14    20     4     8     7    17
02A     1950     2    10     9    20    18     5    15    16    13    10
02A     1960    17    15    15     2    12    14     7     4     0    16
02A     1970     1     0    16    18    13    16    17     4    15    15
02A     1980    17    19    17     8    12    11    20    15     8    15
02A     1990    14     0    21    18     1    21    13    17     2     0
02A     2000     0    18     9    13     6    18     8     0    16    19
02A     2010     2    19    14     8    12     7     7     3     9     1
02A     2020     3 -9999
02B     1866     3    17     9    16
02B     1870    13     5     0     0     5     0     4    11     0    20
02B     1880     0     2    15    17    18    10    18    20    16    12
02B     1890    18     8    16    18     5     4    10     0     7     6
02B     1900    11    16    18    18    19     8     2     8     8     2
02B     1910     3     5     3     4    19     1     4    13     9    11
02B     1920     3     5     5    19    15    11    16    18    15     9
02B     1930    19    19    17    11     2    17    19    11    19     0
02B     1940     9    19    18     1    11     6     3    15    17     6
02B     1950     7     7     7    10    11     1    12    18    11     3
02B     1960    20    12    16     2    18    16     5    13     0    17
02B     1970     0     3    16    10    10     7     7    16    15     3
02B     1980    16    14     6     4    20    16     0     8     3    20
02B     1990    11    17     0     3    16    11    20    20    17    10
02B     2000    16    15    17     3    20    15    20    19    19    20
02B     2010    20    20     7     0     1    19     2     2     3     2
02B     2020    17 -9999
01A     1855    18    19    15    10    11
01A     1860    11    11    21    11    13    11     0     1     0    11
01A     1870     0    11     0     1     0     1     1    11     0     1
01A     1880    18    11     1    11    21    21    11    12    11    20
01A     1890    10    10    20     3     0    10     1     1     1    11
01A     1900     2    14     1     4    12    11     2     2    11     2
01A     1910    10    13    11     3    11    11    11    11    11    10
01A     1920    19    18    10     2    11    11    11    11    11     2
01A     1930    12    11    11     2     2     2    11    11     2     2
01A     1940    11    11    12    12     2    12     2     3     3     2
01A     1950    12    12    13    12     3     3     3     4     3    13
01A     1960    13     3     3     3     3     3     4    13    14    14
01A     1970    14     3     3    14     3    14     4    14    10    14
01A     1980    10     3    18     0    13    16     2    10    10     3
01A     1990    14     3     5    14     0    10     2    14    14    14
01A     2000     0     0     0    15    10    10     4     4     8    10
01A     2010    15    16     5     5    15     3     5     4     3     2
01A     2020    11 -9999
01B     1854     8     0    18     6    12    10
01B     1860    13    17    16     3     0     1    10    10    17    13
01B     1870    18    15    18    13     0     6     4     1    11     6
01B     1880     1     1    18    12    17    18     4     1     8    17
01B     1890    14     8    10     4    19    18     7    14    18    10
01B     1900     0     0     0    10     1     7    14     6    17    14
01B     1910    15     6     5    17    11     9    15     1     6    15
01B     1920     0    10    17    16    14     2     3     2    19     3
01B     1930    12     0     5     4     1    15     2    17     6    14
01B     1940    14    18    11    20    12     9     1    12     9     5
01B     1950     0     4     4     4     6    14    14     8    19    20
01B     1960     4     1    15     4     4    18    15    14     1     1
01B     1970    19    18    16    16     6    18     0     6     8     1
01B     1980     1    15     1     2    17    14     5    17    18    16
01B     1990     1     1     1     1     1     3    19     8    11     1
01B     2000     4     0     1     1    11    19     1     0    14     1
01B     2010     3     0     1     7    14    19     1     1     0     0
01B     2020     6 -9999
24A     1930     0     4     9     2     0     0     2     3     2     6
24A     1940     6    18    12     0     2     0     3    13     6     5
24A     1950    14     1    17    12     9    19    15    13     0    15
24A     1960     3     8     6     1    17     9     4    18     1     6
24A     1970    13     1     3    11     1     2     8     0     5     5
24A     1980    12     6     4    18     9     3     3     5     6     9
24A     1990     4    19     4     0     8     1     0    16    11    19
24A     2000    10     0    15    18    14    11     1    18     5    17
24A     2010    10     5    18     2     8    13    13     9    14    16
24A     2020    14 -9999
24B     1923     0     0     1    10    12     1     5
24B     1930     1     8     3    14     6     6    18     0     0     5
24B     1940    10     1    14     4     2    14     0     5    10    13
24B     1950     2     6    19     5     5     6     2     0    14     6
24B     1960    14    14    20    15     7     5     9     1     0     1
24B     1970     5     1    19    17    18    10    13    16    17     0
24B     1980    20     5    15    17    16     7     9     5    11     3
24B     1990    17    12     0     9    19     0     7     1    19    18
24B     2000    20     6    10    19    11    13    19     2    14    16
24B     2010    19     4     8     9     6     7     0     0    11    14
24B     2020     6 -9999
11A-2   1806    13     0     1     3
11A-2   1810     1     1    16    10     9     1    16    16    10     9
11A-2   1820     2     7     6     1     2     1    15     6     1     4
11A-2   1830     1     7    17     4    10     3    10    11    12    12
11A-2   1840     6     1    11     9    11     1     4     3     0     3
11A-2   1850     0     0     7    16    19    17    16     4     5     9
11A-2   1860     1     6     1    11     9     9    20    10     0    10
11A-2   1870     1     3    13     5    20    13    16     9     9     4
11A-2   1880     3     1    18    19     2    17     7    16    15    20
11A-2   1890     8    16     0    17     6    18     9     4    17     9
11A-2   1900     5    16    15     4     6     4     2     4    16     8
11A-2   1910    21     6     1     6     4     0     3    20     3    19
11A-2   1920    19     4     3     2     1    12    15     1     3     3
11A-2   1930     3    19     8     3    12     6     2     7     3    12
11A-2   1940     6     2    18     2     4     3    13     6    19    13
11A-2   1950     7     0    12     2     2     3    18     1     5     6
11A-2   1960     5     5    19     8     0    20    20     0     3    11
11A-2   1970     1     4     5     2     2     4     9    20    18    20
11A-2   1980     8    12    12     3    15     2    13    13     2    13
11A-2   1990     3     2     2     3     7     1    15    12     8    16
11A-2   2000    11     3    14    12     4    12    20    12    11    14
11A-2   2010    14     4     3    14     3     2     3     3    14     5
11A-2   2020     4 -9999
11B     1825    20     1     0     1     0
11B     1830     2     0     1     0     1     1     1     1     1     1
11B     1840     6    19     2     2     2     1     1     7     1    13
11B     1850     4     2     2    16     2     1     2     2     1    13
11B     1860    13     2     2     3     4     4     8     1    13     2
11B     1870     2     8     2     1     1     2     4     4    20    20
11B     1880     8     1    13     2     3     1    12     4     3    18
11B     1890     0     2    15     2     5    20    20    14     1     3
11B     1900     3    18    13    13     4    13     7     3     3    10
11B     1910     4     3    19    10     7     1    19    13     5     2
11B     1920     3     5     4     9     6     4    13    19     4     4
11B     1930     4     5    15    13     7     5     5     3     5     5
11B     1940     5     4     6     0    19    20     5     2     3     5
11B     1950     5     5     5     6    19    17    20     5     6     6
11B     1960     6     6     8     6     6     4     7     6     6     2
11B     1970     3     3    14     6     7     7     6     6     6     4
11B     1980    16    16     6    17    16    16     6     6     8     7
11B     1990     6    17    16     6    16    16     6     6     6    15
11B     2000     5     5    16     6    16    16    16     6     6     5
11B     2010    16     5     8    16     5     6    17     4    17    17
11B     2020    19 -9999
