25A     1795 12135  1300  1878   827  1537
25A     1800  1211  1137  1530  1572  1590  1594  1164  1664  1631   840
25A     1810  1539  1908  2261  1751  1454  1381  1932  1783  1321  1184
25A     1820   917   936  1121  1741   978  1286  1050  1282  1668  1521
25A     1830  1042  1521   717   922   885  1149  1055  1702  1419  1196
25A     1840  1016   867   445  1299   979   593  1014   539   714   715
25A     1850   843   499   907   684   661   603   600   506   550   688
25A     1860   672   351   883   576   789   681   963  1246   721  1122
25A     1870  1058  1022  1238  1523  1096  1299  1547   470  1438   988
25A     1880   420  1524   828  1713  1148  1095   508  1178  1063  2127
25A     1890   587  1559  1917  1060  1283  1458  1024   959  1179   486
25A     1900   504   365   484   674   805   841   489  1104  1498  1678
25A     1910   977  1221  1769  1729  1288  1265   873  1031  1144  1301
25A     1920   860  1242  1065  1281   962   632  1098  1040   626   661
25A     1930   663   528   806   757   429   643   627   787   649   734
25A     1940   946   799  1150  1110  1008   879   702   885   898   843
25A     1950   925   638   541   465   725  1109   487   787   936   655
25A     1960   830   819   599   444   763   871   751   926   920  1275
25A     1970  1275   823   925   844  1115  1194   948   938  1107   866
25A     1980   680   825   597   628   544   350   656   692   921   369
25A     1990   780   921  1031   939  1464  1678  1563  1158   992  1414
25A     2000  1203   751   199  1184  1235  1293   261  1544   550  2059
25A     2010   493   462   591   295   434   388   763   400   336   486
25A     2020   341 -9999
25B     1791  4907  3099  2331  1163  1606  1956  1371  1760  1313
25B     1800  1174  1007   886  1383  1206  1050  1425  1645  1291  1232
25B     1810   998  1295  1344   691  1410  1433  1838  1533  1898  2580
25B     1820  2255  1808  1451  1095  1029   857  1479  2067   959  1641
25B     1830  1246  1477  1290   958   835  1284   480   617   748   964
25B     1840  1212  1356  1066   966  1076   791   422  1415  1025   673
25B     1850  1374   779  1011   808   948   526   952  1070  1193  1205
25B     1860  1136  1140  1101  1579  1242  1288  1952   870  1445  1189
25B     1870  2436  2249  1071  1373   650   651   937  1561  1104  1557
25B     1880  1817   571  1162  1640   848  2566  2150  2074  1767  1632
25B     1890  1502  1525  1315  1691   963  1233  1732  1194  1503  1658
25B     1900  1056   982  1214   416   411   360   306   507   533   669
25B     1910   757  1731  1534  1523  1612  1564  2086  1981  1962  1994
25B     1920  1008  1136  1327  1494   923  1149   769   552   471   305
25B     1930   274   424   371   390   434   486   357   379   428   516
25B     1940   401   677   706   707   861  1270  1232  1670  1472   979
25B     1950   737   856   815   703   829   746   512   461   473   625
25B     1960   642   739   812   534   524   588   631   363   738  1171
25B     1970  1160  1144  1398  2376  2078  1319  1525   945  1260  1537
25B     1980  1251  1286  1453  1362   928  1000   386   605   595   376
25B     1990   554   656   957   481   745   919  1934  1372  1078   952
25B     2000   753   548   280   402   403   279   560   258   396   728
25B     2010   209   562   218    92   170   134   186   179   275   174
25B     2020   194 -9999
20A     1870   649  1899 26138  5185  2117  2255  1227  1794  1656   681
20A     1880  1604   565  1110  1483  1449  1897  1482  1716  2240   737
20A     1890  1386  2143  1001  1145  1754   889  1100  1372   569   628
20A     1900   516   359   735  1103  1273  1095  1708  1512  1293  1100
20A     1910   904  1101  1167  1747  1622  1121  1037  1189  1083  1121
20A     1920  1334  1071  1075   967   783  1138   999  1178   955   805
20A     1930   665   642   809   673  1145  1373  1874  1312  1303  1680
20A     1940  1923  2265  1899  1866  1712  1172  1662  1824  1921  1203
20A     1950   827   561   685   397   797   731   847   863   712   750
20A     1960   990  1131   728  1348  1669  1666  2036  1844  2422  2178
20A     1970  1499  1477   951  1130  1213   730   740  1031   744   647
20A     1980   853   785   782   714   518   653   710   842   205   573
20A     1990   591   455   538   606  1204  1549  1222  1243   895   860
20A     2000   930   310   996   941   886   198   980   608   326  1796
20A     2010   731   394   398   367   447   597   812   543   242   688
20A     2020   541 -9999
20B     1864  1048  5402  2004   802  1370  1158
20B     1870   628  1368  2092  1073  1297  1799  1223  1716  1779   477
20B     1880  1395  1653  2251  1764  1716  2211   880   846  1194   640
20B     1890   990  1336   566   908  1370   773   708  1075   638   647
20B     1900   758   600   897  1145  1314  1436  2048  2292  1605  1429
20B     1910  1017  1386  1161  1594  1358  1031   954  1220  1064  1094
20B     1920  1150   882  1053   976   671  1050   904   950   691   570
20B     1930   402   591   810   475  1089  1232  1251  1119  1194  1116
20B     1940  1653  1777  1714  1639  1744  1178  1539  1434  1184  1045
20B     1950   893   481   504   190   503   509   832   869   606   826
20B     1960  1248  1211   705  1629  1969  1387  1785  1524  2130  2140
20B     1970  1291  1330  1036  1259  1303   875  1048  1199  1002  1105
20B     1980  1478  1237  1154  1098   813  1066  1246  1403   417   959
20B     1990   949   671   780  1278  1868  2114  1662  1161  1364  1466
20B     2000  1284   386  1297  1262   972   298  1261   847  1533   772
20B     2010   444   564   375   596   779  1005   567   367   675   552
20B     2020   355 -9999
03A     1861  1418  2981  1718  2093  1886  2693  3054  2004  3230
03A     1870  2572  1841  1823  1596   930  1346  1312  1132  1984  2131
03A     1880  1002  2223  2301  2899  3066  3193  3620  3462  2867  3665
03A     1890  1909  2959  2952  2266  3196  3501  2162  2114  1926   746
03A     1900   821   853   725  1338  1664  1692  1813  1357  1974  2227
03A     1910  1645  1478  1642  1537  1688  1462  1243  1078  1395  1209
03A     1920  1159  1627  1538  1920  1460  1142  1582  1233  1074  1004
03A     1930   765  1122   768   828   785  1266  1433  1830  2055  1566
03A     1940  2504  2481  2387  2800  2252  1999  1534  1749  1624  1624
03A     1950  1567  1173   756   896   883  1044   976  1075  1002   834
03A     1960  1200  1742  1627  1037  1690  2096  1909  2654  2493  2640
03A     1970  2468  1686  1995  1762  1982  2050  1582  1401  1478  1346
03A     1980  1178  1803  1655  1644  1610  1199  1496  1612  1597   906
03A     1990   934   845  1012   858   773  1330  1544  1183   875   981
03A     2000  1206  1302   551  1199  1350  1523   437  1875  2004  2161
03A     2010  1205   762   799   680   867  1206  1836  1716   695  1457
03A     2020   998 -9999
03B     1869   557
03B     1870  2252  1382  1879  1513   993  1314  1553  1312  2250  2045
03B     1880   564  1975  2842  2977  3236  2578  2645  2600  2977  3639
03B     1890  2185  3275  3280  2289  2920  3296  2217  2170  2242   800
03B     1900   849   755   645  1111  1498  1536  1545  2326  2309  2263
03B     1910  1714  1307  1425  1283  1225  1198   964   875  1088  1115
03B     1920  1049  1268  1266  1347  1338  1308  1652  1464  1217  1072
03B     1930   909  1109   774   804   802   884   826  1242  1306  1330
03B     1940  2087  2401  2587  2823  2445  2161  1810  2418  2244  1995
03B     1950  1971  1713  1073  1390  1131  1331  1134  1265  1200  1036
03B     1960  1099  1385  1407  1089  1539  1640  1412  2080  2036  2441
03B     1970  2296  1562  1723  1174  1390  1436  1340  1417  1834  1593
03B     1980  1381  2466  2686  2001  1827  1374  1732  1886  1966  1184
03B     1990  1203  1131  1193  1119  1011  1293  1416  1115  1064  1377
03B     2000  1787  2056   728  1783  2239  2256   767  2097  1695  2555
03B     2010  1079   484   667   497   763  1073  1430  1349   772  1471
03B     2020  1068 -9999
18A-2   1892  7446  4938  2138  2643  1669  2144  2525  1314
18A-2   1900  1623  1418  1361  1525  1749  1300  1257  1599  1335  1737
18A-2   1910  1244  1314  1869  1031  1632  1839  1331  1066  1284  1335
18A-2   1920  1254  1611  1022  1212  1328  1360  1739  1556  1621  1525
18A-2   1930  1365  1643   942   992   636  1006   957  1710  1330  1141
18A-2   1940  1586  1754  1664  1664  1255   953   813  1460  1225  1345
18A-2   1950  1132   702   653   712   355   656   412   770   777   603
18A-2   1960   597   858   678   569   782  1091   730  1225   787  1218
18A-2   1970  1465   978  1045   851  1212  1590   965  1286  1257  1032
18A-2   1980   883  1596  1757  1810  1138   933  1239  1233  1342   432
18A-2   1990   871   854   734   588   633   843  1025   914   849   869
18A-2   2000  1040  1038   412   953   757   668   125   604   442   889
18A-2   2010   558   179   195   132   257   308   391   122   104    83
18A-2   2020    44 -9999
18B     1880   528  1079  1119  1249   759  1098  1376  1817  1720  1723
18B     1890  2139  2386  1942  2394  1004  2066  2200  1170  1875  2083
18B     1900  1180  1687  1866   886  1037   881   914  1314  1710  1102
18B     1910  1078  1217  1319  1227   996  1180  1598   531  1033  1849
18B     1920  1200  1124  1284  1312  1117  1412  1104  1142  1286  1092
18B     1930  1304  1029  1181  1008   950  1581   872   913   687  1003
18B     1940   811  1365  1099   742  1069  1283  1599  1484  1229  1230
18B     1950   916  1310   981   968   425   424   456   582   434   664
18B     1960   421   845   718   629   762   861   738   391   543   660
18B     1970   512   837   593   990  1082  1084   994   835  1053  1066
18B     1980   634   842   818   772   665   951   982  1159   747   563
18B     1990   889   941   864   397   829   981   793   588   535   976
18B     2000  1276  1290  1303  1453  1236  1806   642  1647  1326  1050
18B     2010   351  1104   785  1715  1295   927   494   401   703   691
18B     2020   360 -9999
07A     1827  2727  7493  1505
07A     1830   879   944  1049   893   491  1484  1477   876   642   694
07A     1840  1628  1110   847  1534  1728  1202  1323  1110  1208   826
07A     1850  1346   624  1522  1351  1775  1053   817  1410   941  1031
07A     1860   697  1090  1474   606  1085   758  1023   989   880  1701
07A     1870  1308  1057  1497  1485   955  1609  1491   964  1244  1051
07A     1880   271   773  1185  1256  1798  1123  1576  1655  1777  2484
07A     1890  1137  1614  1512  1110  1279  1411   997  1184   997   230
07A     1900   338   296   212   338   492   311   486   462   570   826
07A     1910   912   736  1270  1023  1546  2498  2258  1681  1611  1410
07A     1920  1514  1680   915  1126   915   958  1182   979   850   611
07A     1930   279   359   381   498   304   605   760  1044  1905  1350
07A     1940  1548  1839  1300  1483  1419  1142  1136  1925  1391  1153
07A     1950   923   670   588   599   353   887   679   781   923   595
07A     1960   616  1134   992   701  1166  1078   818  1280  1339  1756
07A     1970  1524   902  1328   615  1295  1600  1271  2289  3482  2283
07A     1980  2199  2734  2725  2644  1706  1330  2397  2175  2484   582
07A     1990  1639  1594  1077   812   431   539   478   418   247   353
07A     2000   312   376   104   522   436   459   127   518   411  1196
07A     2010  1683  1484   994   660   500   500   609   395   337   359
07A     2020   318 -9999
07B     1787   400   507   403
07B     1790   985   590   633   528   496   232   243   328   338   296
07B     1800   211   306   358   359   475   433   328   503   417   290
07B     1810   597   285   312   490   473   428   849   844   587   501
07B     1820   500   464   653  1003   822  1167  1219  1196  1012   577
07B     1830   608   682   680   709   369   403   396   243   243   486
07B     1840   391   201   243   583   627   479   903   824   718   977
07B     1850  1099   477  1216  1158  1206   767   738   889  1077  1019
07B     1860   650   901  1173   509  1200   737  1275  1098   948  1251
07B     1870  1136   824   894   919   968   991   986   768   953  1045
07B     1880   284   742  1006  1441  1297   925   885  1124  1120  1748
07B     1890   850  1446  1624  1018  1590  1946  1180  1204  1229   272
07B     1900   473   509   417   643   960   581   343  1000  1234  1187
07B     1910  1047   916  1099   773   880   890   546   578   602   615
07B     1920   631   784   509   757   525   501   714   710   813   551
07B     1930   116   273   309   400   313   448   483  1009  1343   915
07B     1940   927  1531  1312  1440  1278  1317  1373  2407  1739  1524
07B     1950  1135   784   596   732   402   737   660   916   935   695
07B     1960   717   987   767   438   890  1061   713  1124  1051  1451
07B     1970  1099   794   962   544   997  1112   611   854  1268   919
07B     1980  1176  1536  1588  1724  1187   887  1723  1777  2718   796
07B     1990  2118  2676  1836  1786  1444  1971  1574  1268   761   871
07B     2000  1256  1368   484  1370  1384   974   225   718   616  1188
07B     2010   978  1182  1367  1202  1747  1857  2070  1076   775  1287
07B     2020   633 -9999
09A     1812  2837  2116  1761  2212  1974  1163  1246   891
09A     1820   702  1404  1924  1552  2325  1976  2612  2144  1521  2058
09A     1830  1998  1884  2905  2342  2617  2278  2012  1275  1186  1049
09A     1840  1016   590  1811  1764   621  1556  1082  1493  1626  1641
09A     1850   760  1756  1732  2126  1444  1293  1395  1204  1209  1355
09A     1860  1930  2074   615  1487  1086  1520  1815  1269  2014  1664
09A     1870   978  1801  1645  1054  1333  1567   802  1502  1625   553
09A     1880  1463  1283  1432  1898  1854  2290  2243  2279  3739  1513
09A     1890  1909  2546  1986  2291  2141  1514  1400  1261   458   438
09A     1900   325   396   723  1121  1057   911  1684  1709  1905  1746
09A     1910  1411  1586  1443  1305  1914  1412  1498  1581  1793  2308
09A     1920  2790  2183  2178  1514  1499  1957  1745  1600  1038   848
09A     1930  2094  1699  1349  1013  1037   904  1315  1417  1647  2151
09A     1940  2522  2655  3009  2170  2154  1816  2209  2392  1940  1899
09A     1950   712   554   654   477   586   551   260   447   363   447
09A     1960   661   950   657  1389  1973  1292  1954  1652  2690  2123
09A     1970  1232  1204   894  1361  1670  1407  1948  2103  1688  1497
09A     1980  2048  2552  2480  2212  1492  2029  1701  2345  1092  1134
09A     1990  1298  1002   825   671  1186   257   616   867   603   448
09A     2000   601   552   145   799   921   721   145   962   554  1440
09A     2010   745   422   485   451   452   644   641   263   209   485
09A     2020   263 -9999
09B     1813  2311  2141  1330  1722  1793  1112  1064
09B     1820   819   634  1468  2017  1525  2491  1671  2488  1854  1666
09B     1830  1924  2228  1676  2314  1516  1838  1894  2186  1215  1509
09B     1840  1201  1065   578  2009  1926  1102  1903  1228  1789  1787
09B     1850  2106   838  1541  1350  1934  1580  1389  1428  1294  1249
09B     1860  1047  1464  1873   533  1118   932  1828  1868  1209  2113
09B     1870  1656  1137  1458  1559   973  1431  1694  1020  1714  1824
09B     1880   518  1562  1376  1746  2125  1574  1863  1928  2383  3082
09B     1890  1333  2013  2198  1389  2086  2616  1566  1845  1819   528
09B     1900   537   376   481   819  1611  1243   981  1679  1583  1472
09B     1910  1248  1273  1500  1308  1436  1521  1327  1362  1374  1589
09B     1920  1767  2374  1823  1520  1165  1187  2053  1892  1510   822
09B     1930   529  1562  1179   981   693   840   793  1295   859  1017
09B     1940  1651  1849  1958  2269  1558  1269  1243  1529  1733  1694
09B     1950  1645   941   641   714   403   591   610   728   991   782
09B     1960   758  1138  1162   893  1699  1856  1290  1660  1483  1908
09B     1970  1747  1167  1222   954  1329  1517  1100  1585  2005  1452
09B     1980  1324  1743  2035  2013  1570  1029  1353  1734  2831  1284
09B     1990  1498  1590  1194   989   848  1080  1080  1014   732   622
09B     2000   840   874   208   739   696   763   138   749   445  1106
09B     2010   759   621   526   358   526   620   780   506   191   598
09B     2020   400 -9999
02A     1862  1865  3740  1449  1479  2758  2448  1562  2256
02A     1870  1403  1093  1330  1559   736   724  1359   955  1389  1673
02A     1880   355  1535  1491  1753  1845  1656  2045  2108  2081  2187
02A     1890  1303  1862  2030  1543  1183  1861  1248  1105  1511   529
02A     1900   482   567   634  1100  1475  1770  1608  2105  1793  1947
02A     1910  1546  1184   878  1008  1025   630   380   269   496   640
02A     1920   534   768   875   966  1054   686  1015   771   742   762
02A     1930   460   274   276   436   534   778   894  1373  1400  1500
02A     1940  1446  2057  2148  2021  1618  1482  1250  1143  1326  1125
02A     1950   952   636   355   492   710   720   785   966  1172  1173
02A     1960   977  1790  1645  1107  1594  1798  1661  1789  1828  1465
02A     1970  1498  1449  1570  1265  1385  1606  1459  1509  1428  1057
02A     1980   848   933   969  1068  1040   886  1170  1369  1600   789
02A     1990   739   769   801  1138   783  1116  1803  1749  1691  1748
02A     2000  2234  2677  1876  2035  2328  2483  1805  4010  3125  3259
02A     2010  1970  1602  1243  1284   723   777  1945  2384  1927  2250
02A     2020  1963 -9999
02B     1866   545  2464  2451  2083
02B     1870  2786  1485  1305  1634  2168   722  1122  1720  1033  1582
02B     1880  1741   374  1650  1635  1902  2327  2023  2717  2738  2765
02B     1890  2867  1677  2123  3338  2477  2335  2311  1332  1264  1601
02B     1900   595   428   340   421   782  1171  1301  1041  1648  1644
02B     1910  1755  1714  1267   952  1134  1187   869   560   376   404
02B     1920   521   616   888   923  1032  1010   872   975   779   608
02B     1930   538   254   252   311   308   523   594   922  1087  1165
02B     1940  1109  1553  1479  1378  1171  1052  1222  1279  1162   959
02B     1950   971   526   421   488   633   602   728   851  1090   983
02B     1960   755  1128  1371   826  1654  2005  1721  2202  2237  2510
02B     1970  2555  1928  1896  1360  1738  1992  1748  1612  1548  1288
02B     1980  1000  1152  1252  1363  1190   876   823  1119  1170   606
02B     1990   620   845   758  1571  1711  3350  3363  2801  3137  3768
02B     2000  4576  4144  2560  2638  3032  3262  3071  5244  3315  3225
02B     2010  2652  2377  1673  1427  1179  1156  2111  2493  1756  2472
02B     2020  2673 -9999
01A     1855  1776  1716  1942  1574   749
01A     1860  1670  1226  1278   856   676   886   601   571   654   962
01A     1870   899   962   412  1384  1073   990   609   830  1010   955
01A     1880  1082   591   781  1341  1141   933  1330  1117  1111  1677
01A     1890  1037  1376  1568  1063  1351  1062  1319   861   581   771
01A     1900  1048   690   509   892   985   498   700   319   535   303
01A     1910   571   909   999   909  1381   663  1185  1212  1635  1350
01A     1920  2508  2044   906  1159   964   923   725   327   614   323
01A     1930   102   240   549   593   923   765   763   667   974   986
01A     1940   789   766   628   546   384   483   709  1314   972  1398
01A     1950   855  1387  1779  1474   896  1431   951  1274   569   504
01A     1960   434   565  1055  1299  1307  2157  1970  1812  2782  1997
01A     1970  1141  2576  1679  2221  2189  1914  1722  1784  1297   830
01A     1980   388   962   778   769   866   895  1150  1256  1077  1029
01A     1990  1509  1659  1453  1945  1987  1006  1276   513  1216   728
01A     2000  1621  1202  1390  1134   961   864  1308   997  1261   700
01A     2010   955  1023   887  1040  1251   789   360   448   144   209
01A     2020   514 -9999
01B     1854   999  1474  1503  1478  1812  1675
01B     1860  2092  1757  2202   980  1809  1526  2021  1894  1520  1804
01B     1870  1422  1378  1188  1104  1057   835  1062   800   991  1041
01B     1880   339   874  1159  1426  1626  1580  2105  2135  1895  2407
01B     1890  1286  1895  2418  1957  2257  2194  1268  1031  1048   243
01B     1900   418   274   251   468   566   719   757  1430  1486  1501
01B     1910  1534  1008  1330  1142  1385  1071   892   794  1011   949
01B     1920   879  1024  1153  1092  1029  1028  1259  1067   939   868
01B     1930   492   372   391   550   448   920   773   844   861   799
01B     1940  1471  1769  1569  1647  1610  1383  1105  1734  1362  1218
01B     1950  1620  1166   613   952   510   685   507   840   688   508
01B     1960   575   885   880   707  1077  1407  1179  1580  1331  2103
01B     1970  2289  1611  1630  1278  1532  1782  1408  1372  1386   848
01B     1980   733   868   777   955   663   464   822   759  1372   523
01B     1990  1025   967  1015   811  1125  1530  1721  1253  1206  1596
01B     2000  2093  1557   632  1387  1337  1249   487  1261   913  1623
01B     2010  1329  1139   977   819   860   943  1026   774   416   854
01B     2020   738 -9999
24A     1930  1205   853  1432  1008   570  1637  1437  1677  1561  1167
24A     1940  1594  1512  1211  1339  1377  1097   916  1459  1684  1389
24A     1950   843   807   891   796   371   859   831  1197  1334   957
24A     1960  1245  1415  1428   662  1152  1338   829  1190   968  1714
24A     1970  1573  1305  1149  1052  1449  1861  1289  1689  2219  1478
24A     1980  1085  1641  1768  2168  1306  1002  1025  1469  1966   644
24A     1990   959  1159   991  1060  1196  1576  1725  1644  1281  1537
24A     2000  1312  1283   562  1484  1192  1237   415  1150   616  1110
24A     2010  1030   832   871   452   763   825   988   762   586   666
24A     2020   746 -9999
24B     1923   872  1162   949  1589  1152  1401   903
24B     1930  1138   853  1417   897   438  1384  1273  1266  1187   952
24B     1940  1309  1568  1201  1271  1351   947   776  1447  1216  1231
24B     1950   447   463   513   570   272   631   645   871   993   784
24B     1960  1010   947   997   438   920  1304   658  1232   943  1445
24B     1970  1293  1118  1035   889  1307  1429   941  1151  1567  1109
24B     1980   832  1484  1238  1522  1042   827  1054  1216  1669   666
24B     1990  1089  1216  1122  1312  1207  1745  1849  1480  1591  1571
24B     2000  1239  1415   489  1444  1026  1163   323  1926  1238  2137
24B     2010  1314   936   934   678   673   636   966   867   603   786
24B     2020   562 -9999
11A-2   1806   625   732   353   999
11A-2   1810   612   825   494   972   817   473   659   769   584   525
11A-2   1820   469   529   590   664   364   855   551   707   727   365
11A-2   1830   304   712   485   465   346   650   520   535   602   797
11A-2   1840   668   482   227   836   710   212   716   368   346   290
11A-2   1850   455   145   566   712   892   597   496   443   846   518
11A-2   1860  1023  1040  1226   458   687   465   740   868   586  1038
11A-2   1870   838   665   717   495   835   603   907   750   885   922
11A-2   1880   231   904  1047   717  1470  1041  1282   987  1095  1523
11A-2   1890   585   835   731   475   511   809   600   709  1004   351
11A-2   1900   397   370   337   475   510   527   399   467   795   880
11A-2   1910   900   450   649   618   694   711   570   709   759   772
11A-2   1920   631   721   483   568   567   201   508   451   336   622
11A-2   1930   912   742   488   515   259   453   413   550   437   386
11A-2   1940   371   561   728   611   482   354   221   286   264   287
11A-2   1950   414   330   265   242   190   401   373   384   447   339
11A-2   1960   506   570   521   306   500   633   508   742   468  1086
11A-2   1970  1174   744   677   420   528   573   302   434   484   383
11A-2   1980   262   237   211   202   118   177   201   254   306   137
11A-2   1990   180   274   338   360   406   670   839   610   651   875
11A-2   2000  1283  1111   179  1033   477   685   811   288   675   490
11A-2   2010   148   180   169   200   222   507   149   148   201   118
11A-2   2020   147 -9999
11B     1825  1432  1469  1596   707  1621
11B     1830  1063  1573  1563   898   858  1698  1234  1108   833  1111
11B     1840   869   978  1108  1180   992   756   309  1316  1000   379
11B     1850  1182   594   639   632   585   227   451   493   657   464
11B     1860   475   216   291   535  1383  1096  1593   551   962   838
11B     1870  1160  1543   883  1746  1020   666   967   480   976   813
11B     1880  1172   885  1132  1025   331  1082  1021  1291  1548  1207
11B     1890  1321  1243   329   701  1710   900  1219  1463  1014  1152
11B     1900  1132  1085  1212  1261   454   681   687   520   800   741
11B     1910   726   623   783   784  1020   934   540   824   761   828
11B     1920   788   605   852   694   731   731   911   825   720   630
11B     1930   356   674   512   334   286   481   796   562   673   398
11B     1940   544   566   758   667   544   652   783   919   983   777
11B     1950   419   480   606   545   473   605   507   360   631   231
11B     1960   545   336   443   481   356   522   403   502   272   500
11B     1970   672   545   640   369   378  1048   503   357   336   397
11B     1980   388   209   304   430   292   147   219   126   191   167
11B     1990   125   136   251   241   282   252   199   314   294   638
11B     2000   768   859   744   702   744   631   168   493   314   564
11B     2010   701   261   507   447   199   189   157   322   139   230
11B     2020   273 -9999
